53,36
53,35
3,2
3,1
3,3
10,240
10,162
10,116
10,262
10,12
10,282
10,220
10,142
10,2
10,3
11,8
11,27
11,22
9,7
9,6
9,1
9,4
9,2
9,3
8,6
8,4
8,12
8,11
8,17
8,2
8,3
50,4
50,3
50,2
50,1
50,0
48,3
48,2
48,1
48,0
47,3
47,2
47,1
47,0
46,3
46,2
46,1
46,0
45,4
45,3
45,2
45,1
45,0
44,4
44,3
44,2
44,1
44,0
43,3
43,2
43,1
43,0
42,3
42,1
41,4
41,3
41,1
40,3
40,1
39,3
39,1
38,3
38,1
37,3
37,1
36,3
36,1
35,3
35,1
34,4
34,3
34,1
33,3
33,1
2,2
31,3
31,1
2,1
30,3
2,3
30,1
29,3
29,1
28,3
28,1
25,3
25,1
20,3
20,2
20,1
19,3
19,2
19,1
18,3
